239	3000000,3020000,3020200,6000300,6000302
240	3000000,3020000,3020200,6000300,6000302
241	3000000,3020000,3020200,6000300,6000302
242	3000000,3020000,3020200,6000300,6000302
243	3000000,3020000,3020200,6000300,6000302
244	3000000,3020000,3020200,6000300,6000302
245	3000000,3020000,3020200,6000300,6000302
246	3000000,3020000,3020200,6000300,6000302
247	3000000,3020000,3020200,6000300,6000302
248	3000000,3020000,3020200,6000300,6000302
249	3000000,3020000,3020200,6000300,6000302
250	3000000,3020000,3020200,6000300,6000302
251	3000000,3020000,3020200,6000300,6000302
252	3000000,3020000,3020200,6000300,6000302
253	3000000,3020000,3020200,6000300,6000302
300	3000000,3010000,3010200,3030000,3030200,6000100,6000109
301	3000000,3010000,3010200,6000100,6000109
303	3000000,3010000,3010200,6000100,6000109
304	3000000,3010000,3010200,6000100,6000109
324	5000000,5000001
325	5000000,5000003
326	5000000,5000003
327	5000000,5000003
328	5000000,5000003
329	5000000,5000003
330	5000000,5000004
331	5000000,5000004
332	5000000,5000002
333	5000000,5000002
334	5000000,5000002
335	5000000,5000002
336	5000000,5000002
337	3000000,3020000,3020200,6000100,6000111
339	3000000,3020000,3020200,6000100,6000111
340	3000000,3020000,3020200,6000100,6000111
342	3000000,3020000,3020200,6000100,6000109
345	3000000,3020000,3020200,6000100,6000109
346	3000000,3020000,3020200,6000100,6000109
347	3000000,3020000,3020200,6000100,6000109
348	3000000,3020000,3020200,6000100,6000109
349	3000000,3010000,3010200,6000100,6000109
350	3000000,3010000,3010200,6000100,6000109
351	3000000,3010000,3010200,6000100,6000109
352	3000000,3010000,3010200,6000100,6000109
354	3000000,3020000,3020200,6000300,6000301
355	3000000,3020000,3020200,6000300,6000301
356	3000000,3020000,3020200,6000300,6000301
358	3000000,3020000,3020200,6000300,6000301
359	3000000,3020000,3020200,6000300,6000301
360	3000000,3020000,3020200,6000300,6000301
361	3000000,3010000,3010200,6000300,6000301
362	3000000,3010000,3010200,6000300,6000301
363	3000000,3010000,3010200,6000300,6000301
364	3000000,3010000,3010200,6000300,6000301
370	3000000,3020000,3020200,6000100,6000106
371	3000000,3020000,3020200,6000100,6000106
372	3000000,3020000,3020200,6000100,6000106
373	3000000,3020000,3020200,6000100,6000106
374	3000000,3020000,3020200,6000100,6000106
376	3000000,3010000,3010200,6000100,6000108
377	3000000,3010000,3010200,6000100,6000108
380	3000000,3010000,3010200,3020000,3020200,6000100,6000108
381	3000000,3010000,3010200,6000100,6000108
382	3000000,3010000,3010200,6000100,6000108
383	3000000,3010000,3010200,6000100,6000108
384	3000000,3010000,3010200,3020000,3020200,6000100,6000108
385	3000000,3020000,3020200,6000300,6000302
386	3000000,3020000,3020200,6000300,6000302
400	3000000,3010000,3010200,3020000,3020200,6000100,6000108
401	3000000,3010000,3010200,6000100,6000108
402	3000000,3020000,3020200,6000100,6000108
404	3000000,3020000,3020200,6000100,6000108
406	3000000,3010000,3010200,6000100,6000108
407	3000000,3010000,3010200,6000100,6000108
408	3000000,3020000,3020200,6000100,6000108
409	3000000,3020000,3020200,6000100,6000108
410	3000000,3010000,3010200,6000100,6000108
411	3000000,3020000,3020200,6000100,6000108
412	3000000,3010000,3010200,6000100,6000108
413	3000000,3020000,3020200,6000100,6000108
414	3000000,3010000,3010200,6000100,6000108
416	3000000,3020000,3020200,6000100,6000108
417	3000000,3010000,3010200,6000100,6000108
418	3000000,3010000,3010200,6000100,6000108
419	3000000,3020000,3020200,6000100,6000108
420	3000000,3020000,3020200,6000100,6000106
421	3000000,3020000,3020200,6000100,6000106
422	3000000,3020000,3020200,6000100,6000106
423	3000000,3020000,3020200,6000100,6000106
424	3000000,3020000,3020200,6000100,6000106
425	3000000,3010000,3010200,3020000,3020200,6000100,6000106
426	3000000,3020000,3020200,6000100,6000106
427	3000000,3010000,3010200,3020000,3020200,6000100,6000106
428	3000000,3010000,3010200,3020000,3020200,6000100,6000106
429	3000000,3010000,3010200,3020000,3020200,6000100,6000106
430	3000000,3020000,3020200,6000100,6000106
431	3000000,3020000,3020200,6000100,6000106
432	3000000,3010000,3010200,6000100,6000106
433	3000000,3010000,3010200,3020000,3020200,3030000,3030200,6000100,6000104
434	3000000,3020000,3020200,6000100,6000104
435	3000000,3020000,3020200,6000100,6000104
436	3000000,3010000,3010200,3020000,3020200,6000100,6000104
437	3000000,3010000,3010200,6000100,6000104
438	3000000,3020000,3020200,6000100,6000104
439	3000000,3010000,3010200,3030000,3030200,6000100,6000104
440	3000000,3010000,3010200,3020000,3020200,3030000,3030200,6000100,6000104
441	3000000,3020000,3020200,6000100,6000104
442	3000000,3020000,3020200,6000100,6000104
443	3000000,3010000,3010200,3020000,3020200,6000100,6000104
444	3000000,3010000,3010200,3030000,3030200,6000100,6000104
445	3000000,3010000,3010200,6000100,6000104
446	3000000,3020000,3020200,6000100,6000104
447	3000000,3020000,3020200,6000100,6000104
448	3000000,3010000,3010200,3030000,3030200,6000100,6000104
449	3000000,3020000,3020200,6000100,6000104
450	3000000,3010000,3010200,6000100,6000104
451	3000000,3020000,3020200,6000100,6000104
452	3000000,3020000,3020200,6000100,6000104
453	3000000,3010000,3010200,6000100,6000105
454	3000000,3010000,3010200,6000100,6000105
455	3000000,3010000,3010200,6000100,6000105
456	3000000,3010000,3010200,6000100,6000105
457	3000000,3020000,3020200,6000100,6000105
458	3000000,3010000,3010200,6000100,6000105
459	3000000,3010000,3010200,3030000,3030200,6000100,6000105
460	3000000,3020000,3020200,6000100,6000105
461	3000000,3010000,3010200,6000100,6000105
462	3000000,3010000,3010200,6000100,6000105
463	3000000,3020000,3020200,6000100,6000105
464	3000000,3020000,3020200,6000100,6000105
465	3000000,3010000,3010200,3030000,3030200,6000100,6000105
466	3000000,3020000,3020200,6000100,6000105
467	3000000,3010000,3010200,6000100,6000105
468	3000000,3020000,3020200,6000100,6000105
469	3000000,3010000,3010200,3020000,3020200,6000100,6000105
470	3000000,3020000,3020200,6000100,6000105
471	3000000,3020000,3020200,6000100,6000105
472	3000000,3020000,3020200,6000100,6000105
473	3000000,3020000,3020200,6000100,6000103
474	3000000,3020000,3020200,6000100,6000103
475	3000000,3020000,3020200,6000100,6000103
476	3000000,3020000,3020200,6000100,6000103
477	3000000,3020000,3020200,6000100,6000103
478	3000000,3020000,3020200,6000100,6000103
479	3000000,3020000,3020200,6000100,6000103
480	3000000,3010000,3010200,6000100,6000107
481	3000000,3020000,3020200,6000100,6000107
482	3000000,3020000,3020200,6000100,6000107
483	3000000,3020000,3020200,6000100,6000107
484	3000000,3020000,3020200,6000100,6000107
485	3000000,3010000,3010200,3020000,3020200,6000100,6000107
486	3000000,3020000,3020200,6000100,6000107
487	3000000,3010000,3010200,6000100,6000107
488	3000000,3020000,3020200,6000100,6000107
489	3000000,3010000,3010200,3020000,3020200,6000100,6000114
490	3000000,3010000,3010200,6000100,6000114
491	3000000,3020000,3020200,6000100,6000114
492	3000000,3010000,3010200,3030000,3030200,6000100,6000114
493	3000000,3020000,3020200,3030000,3030200,6000100,6000114
494	3000000,3020000,3020200,6000100,6000114
495	3000000,3020000,3020200,6000100,6000114
496	3000000,3010000,3010200,6000100,6000114
497	3000000,3020000,3020200,6000100,6000114
498	3000000,3020000,3020200,6000100,6000114
499	3000000,3020000,3020200,3030000,3030200,6000100,6000114
500	3000000,3010000,3010200,6000100,6000109
501	3000000,3020000,3020200,6000100,6000109
502	3000000,3020000,3020200,6000100,6000109
503	3000000,3020000,3020200,6000100,6000109
504	3000000,3010000,3010200,6000100,6000109
505	3000000,3020000,3020200,6000100,6000109
506	3000000,3010000,3010200,6000100,6000109
507	3000000,3020000,3020200,6000100,6000109
508	3000000,3010000,3010200,3020000,3020200,6000100,6000109
509	3000000,3010000,3010200,3020000,3020200,6000100,6000109
510	3000000,3010000,3010200,6000100,6000109
511	3000000,3010000,3010200,3020000,3020200,6000100,6000109
512	3000000,3020000,3020200,6000100,6000109
513	3000000,3020000,3020200,6000100,6000109
514	3000000,3020000,3020200,6000100,6000109
515	3000000,3010000,3010200,3030000,3030200,6000100,6000109
516	3000000,3010000,3010200,6000100,6000109
517	3000000,3020000,3020200,6000100,6000109
518	3000000,3020000,3020200,6000100,6000109
519	3000000,3010000,3010200,6000100,6000109
520	3000000,3010000,3010200,3020000,3020200,6000100,6000111
521	3000000,3010000,3010200,3020000,3020200,6000100,6000111
522	3000000,3010000,3010200,3020000,3020200,6000100,6000111
523	3000000,3010000,3010200,3020000,3020200,6000100,6000111
524	3000000,3010000,3010200,3020000,3020200,6000100,6000111
525	3000000,3010000,3010200,3020000,3020200,6000100,6000111
526	3000000,3010000,3010200,3020000,3020200,6000100,6000111
527	3000000,3010000,3010200,3020000,3020200,6000100,6000111
528	3000000,3010000,3010200,6000100,6000117
529	3000000,3010000,3010200,3020000,3020200,6000100,6000117
530	3000000,3010000,3010200,3020000,3020200,6000100,6000117
531	3000000,3010000,3010200,6000100,6000115
532	3000000,3020000,3020200,6000100,6000115
533	3000000,3020000,3020200,6000100,6000115
534	3000000,3010000,3010200,6000100,6000115
535	3000000,3020000,3020200,6000100,6000115
536	3000000,3020000,3020200,6000100,6000115
537	3000000,3020000,3020200,6000100,6000115
538	3000000,3020000,3020200,6000100,6000115
539	3000000,3020000,3020200,6000100,6000115
540	3000000,3010000,3010200,6000100,6000115
541	3000000,3020000,3020200,6000100,6000115
542	3000000,3020000,3020200,6000100,6000115
543	3000000,3010000,3010200,6000100,6000115
544	3000000,3020000,3020200,6000100,6000115
545	3000000,3010000,3010200,6000100,6000115
546	3000000,3020000,3020200,6000100,6000115
547	3000000,3020000,3020200,6000100,6000116
548	3000000,3020000,3020200,6000100,6000116
549	3000000,3020000,3020200,6000100,6000116
550	3000000,3020000,3020200,6000100,6000116
551	3000000,3020000,3020200,6000100,6000116
552	3000000,3010000,3010200,3030000,3030200,6000200,6000201
553	3000000,3020000,3020200,3030000,3030200,6000200,6000201
554	3000000,3020000,3020200,6000200,6000201
555	3000000,3020000,3020200,6000200,6000201
556	3000000,3010000,3010200,6000200,6000201
557	3000000,3010000,3010200,3020000,3020200,6000200,6000201
558	3000000,3020000,3020200,6000200,6000201
559	3000000,3020000,3020200,6000200,6000201
560	3000000,3020000,3020200,6000200,6000201
561	3000000,3020000,3020200,6000200,6000201
562	3000000,3010000,3010200,6000200,6000201
563	3000000,3020000,3020200,3030000,3030200,6000200,6000201
564	3000000,3020000,3020200,6000200,6000201
565	3000000,3010000,3010200,3030000,3030200,6000200,6000201
566	3000000,3020000,3020200,6000200,6000202
567	3000000,3010000,3010200,3020000,3020200,6000200,6000202
568	3000000,3010000,3010200,3020000,3020200,6000200,6000202
569	3000000,3010000,3010200,6000200,6000202
570	3000000,3020000,3020200,6000200,6000202
571	3000000,3010000,3010200,3020000,3020200,6000200,6000202
572	3000000,3010000,3010200,6000200,6000202
573	3000000,3010000,3010200,3020000,3020200,6000200,6000202
574	3000000,3010000,3010200,3020000,3020200,6000200,6000202
575	3000000,3020000,3020200,6000200,6000202
576	3000000,3020000,3020200,6000200,6000202
577	3000000,3010000,3010200,3030000,3030200,6000200,6000203
578	3000000,3010000,3010200,3020000,3020200,6000200,6000203
579	3000000,3020000,3020200,6000200,6000203
580	3000000,3020000,3020200,6000200,6000203
581	3000000,3010000,3010200,3030000,3030200,6000200,6000203
582	3000000,3010000,3010200,6000200,6000203
583	3000000,3020000,3020200,6000200,6000203
584	3000000,3010000,3010200,3020000,3020200,3030000,3030200,6000200,6000203
585	3000000,3010000,3010200,3020000,3020200,6000200,6000204
586	3000000,3020000,3020200,6000200,6000204
587	3000000,3010000,3010200,3020000,3020200,6000200,6000204
588	3000000,3010000,3010200,3020000,3020200,6000200,6000204
589	3000000,3020000,3020200,6000200,6000205
590	3000000,3020000,3020200,3030000,3030200,6000200,6000205
591	3000000,3020000,3020200,6000200,6000205
592	3000000,3020000,3020200,6000200,6000205
593	3000000,3020000,3020200,6000200,6000205
594	3000000,3020000,3020200,6000200,6000205
595	3000000,3010000,3010200,3030000,3030200,6000200,6000205
596	3000000,3020000,3020200,6000200,6000205
597	3000000,3010000,3010200,3030000,3030200,6000200,6000205
598	3000000,3020000,3020200,6000400,6000401
599	3000000,3010000,3010200,3020000,3020200,3030000,3030200,6000400,6000401
600	3000000,3020000,3020200,6000400,6000401
601	3000000,3020000,3020200,6000400,6000401
602	3000000,3020000,3020200,6000400,6000401
603	3000000,3020000,3020200,6000400,6000401
604	3000000,3020000,3020200,3030000,3030200,6000400,6000401
605	3000000,3020000,3020200,6000400,6000401
606	3000000,3020000,3020200,6000400,6000401
607	3000000,3020000,3020200,6000400,6000401
608	3000000,3010000,3010200,3030000,3030200,6000400,6000401
609	3000000,3010000,3010200,6000400,6000401
610	3000000,3010000,3010200,6000400,6000401
611	3000000,3010000,3010200,3020000,3020200,3030000,3030200,6000400,6000401
612	3000000,3010000,3010200,3020000,3020200,6000400,6000401
613	3000000,3020000,3020200,6000400,6000401
614	3000000,3010000,3010200,3020000,3020200,6000400,6000401
615	3000000,3020000,3020200,6000400,6000401
616	3000000,3010000,3010200,3020000,3020200,6000400,6000401
617	3000000,3010000,3010200,3020000,3020200,6000400,6000401
618	3000000,3020000,3020200,3030000,3030200,6000300,6000301
619	3000000,3020000,3020200,6000300,6000301
620	3000000,3020000,3020200,6000300,6000301
621	3000000,3020000,3020200,6000300,6000301
622	3000000,3020000,3020200,6000300,6000301
623	3000000,3010000,3010200,6000300,6000301
624	3000000,3010000,3010200,3020000,3020200,6000300,6000301
625	3000000,3010000,3010200,3020000,3020200,6000300,6000301
626	3000000,3020000,3020200,3030000,3030200,6000300,6000301
627	3000000,3020000,3020200,6000300,6000301
628	3000000,3010000,3010200,3030000,3030200,6000300,6000301
629	3000000,3020000,3020200,6000300,6000301
630	3000000,3020000,3020200,6000300,6000301
631	3000000,3020000,3020200,6000300,6000301
632	3000000,3020000,3020200,6000300,6000301
633	3000000,3020000,3020200,6000300,6000301
634	3000000,3020000,3020200,6000300,6000301
635	3000000,3020000,3020200,6000100,6000108
636	3000000,3020000,3020200,6000100,6000115
637	3000000,3020000,3020200,6000100,6000115
638	3000000,3020000,3020200,6000100,6000115
639	3000000,3020000,3020200,6000100,6000115
640	3000000,3010000,3010200,6000400,6000401
641	3000000,3010000,3010200,6000400,6000401
642	3000000,3010000,3010200,6000400,6000401
643	3000000,3010000,3010200,6000400,6000401
644	3000000,3010000,3010200,6000400,6000401
645	3000000,3010000,3010200,6000400,6000401
646	3000000,3020000,3020200,6000400,6000401
647	3000000,3010000,3010200,6000400,6000401
648	3000000,3010000,3010200,6000400,6000401
649	3000000,3010000,3010200,6000400,6000401
650	3000000,3020000,3020200,6000400,6000401
651	3000000,3020000,3020200,6000400,6000401
652	3000000,3020000,3020200,6000400,6000401
653	3000000,3020000,3020200,6000400,6000401
654	3000000,3020000,3020200,6000400,6000401
655	3000000,3020000,3020200,6000200,6000204
657	3000000,3020000,3020200,6000200,6000201
658	3000000,3020000,3020200,6000200,6000201
659	3000000,3020000,3020200,6000200,6000201
660	3000000,3020000,3020200,6000200,6000204
661	3000000,3020000,3020200,6000200,6000204
662	3000000,3020000,3020200,6000200,6000204
663	3000000,3020000,3020200,6000200,6000204
664	3000000,3020000,3020200,6000200,6000202
665	3000000,3020000,3020200,6000200,6000202
666	3000000,3020000,3020200,6000200,6000201
667	3000000,3010000,3010200,6000200,6000201
668	3000000,3010000,3010200,6000200,6000201
669	3000000,3010000,3010200,6000200,6000205
670	3000000,3010000,3010200,6000200,6000201
671	3000000,3010000,3010200,6000200,6000201
672	3000000,3010000,3010200,6000200,6000201
673	3000000,3010000,3010200,6000200,6000201
674	3000000,3020000,3020200,6000100,6000108
675	3000000,3020000,3020200,6000100,6000108
676	3000000,3020000,3020200,6000100,6000114
677	3000000,3020000,3020200,6000100,6000114
678	3000000,3020000,3020200,3030000,3030200,6000100,6000114
679	3000000,3020000,3020200,3030000,3030200,6000100,6000114
680	3000000,3020000,3020200,6000100,6000114
682	3000000,3010000,3010200,6000100,6000114
683	3000000,3010000,3010200,6000100,6000114
684	3000000,3010000,3010200,6000100,6000114
685	3000000,3010000,3010200,6000100,6000114
686	3000000,3010000,3010200,6000100,6000114
687	3000000,3010000,3010200,6000100,6000114
688	3000000,3010000,3010200,6000100,6000114
689	3000000,3020000,3020200,6000100,6000101
690	3000000,3020000,3020200,6000100,6000101
691	3000000,3020000,3020200,6000100,6000101
692	3000000,3020000,3020200,6000100,6000101
693	3000000,3020000,3020200,6000100,6000101
694	3000000,3020000,3020200,6000100,6000101
695	3000000,3010000,3010200,6000100,6000101
696	3000000,3010000,3010200,6000100,6000101
697	3000000,3010000,3010200,6000100,6000101
698	3000000,3010000,3010200,6000100,6000101
699	3000000,3010000,3010200,6000100,6000102
700	3000000,3010000,3010200,6000100,6000102
701	3000000,3010000,3010200,6000100,6000102
702	3000000,3010000,3010200,6000100,6000102
703	3000000,3020000,3020200,6000100,6000116
704	3000000,3020000,3020200,6000100,6000116
705	3000000,3020000,3020200,6000100,6000116
706	3000000,3020000,3020200,6000100,6000104
707	3000000,3010000,3010200,3020000,3020200,6000100,6000104
708	3000000,3020000,3020200,6000100,6000115
709	3000000,3020000,3020200,6000100,6000115
710	3000000,3020000,3020200,6000100,6000115
711	3000000,3010000,3010200,6000100,6000115
712	3000000,3010000,3010200,6000100,6000115
713	3000000,3010000,3010200,6000100,6000115
714	3000000,3010000,3010200,6000100,6000115
715	3000000,3010000,3010200,6000100,6000115
716	3000000,3010000,3010200,6000100,6000115
717	3000000,3010000,3010200,6000100,6000115
718	3000000,3010000,3010200,6000100,6000115
719	3000000,3010000,3010200,6000100,6000115
720	3000000,3010000,3010200,6000100,6000115
721	3000000,3010000,3010200,6000100,6000115
722	3000000,3010000,3010200,6000100,6000115
723	3000000,3010000,3010200,6000100,6000115
724	3000000,3010000,3010200,6000100,6000115
730	3000000,3010000,3010600,6001000
731	3000000,3010000,3010600,6001000
732	3000000,3010000,3010600,6001000
736	3000000,3010000,3010600,6001000
738	3000000,3010000,3010600,6001000
740	3000000,3010000,3010600,6001000
742	3000000,3010000,3010600,6001000
744	3000000,3010000,3010600,6001000
746	3000000,3010000,3010600,6001000
748	3000000,3010000,3010600,6001000
750	3000000,3010000,3010600,6001000
752	3000000,3010000,3010600,6001000
754	3000000,3010000,3010600,6001000
756	3000000,3010000,3010600,6001000
765	3000000,3010000,3010600,6001000
766	3000000,3010000,3010600,6001000
767	3000000,3010000,3010600,6001000
768	3000000,3010000,3010600,6001000
769	3000000,3010000,3010600,6001000
770	3000000,3010000,3010600,6001000
773	3000000,3010000,3010600,6001000
776	3000000,3010000,3010600,6001000
780	3000000,3010000,3010600,6001000
782	3000000,3010000,3010600,6001000
784	3000000,3010000,3010600,6001000
791	3000000,3010000,3010600,6001000
793	3000000,3010000,3010600,6001000
794	3000000,3010000,3010600,6001000
796	3000000,3010000,3010400,4010000,4010200,6001300
797	3000000,3010000,3010600,6001000
798	3000000,3010000,3010600,6001000
799	3000000,3010000,3010600,6001000
800	3000000,3010000,3010400,4010000,4010200,6001300
801	3000000,3010000,3010600,6001000
802	3000000,3010000,3010600,6001000
803	3000000,3010000,3010600,6001000
804	3000000,3010000,3010600,6001000
805	3000000,3010000,3010600,6001000
807	3000000,3010000,3010600,6001000
809	3000000,3010000,3010600,6001000
811	3000000,3010000,3010600,6001000
813	3000000,3010000,3010600,6001000
814	3000000,3010000,3010600,6001000
815	3000000,3010000,3010600,6001000
817	3000000,3010000,3010600,6001000
818	3000000,3010000,3010600,6001000
819	3000000,3010000,3010600,6001000
820	3000000,3010000,3010600,6001000
822	3000000,3010000,3010600,6001000
824	3000000,3010000,3010600,6001000
828	3000000,3010000,3010600,6001000
830	3000000,3010000,3010600,6001000
832	3000000,3010000,3010600,6001000
834	3000000,3010000,3010600,6001000
836	3000000,3010000,3010600,6001000
838	3000000,3010000,3010600,6001000
840	3000000,3010000,3010600,6001000
842	3000000,3010000,3010600,6001000
844	3000000,3010000,3010600,6001000
846	3000000,3010000,3010600,6001000
851	3000000,3010000,3010600,6000800
854	3000000,3010000,3010600,6001000
856	3000000,3010000,3010600,6001000
859	3000000,3010000,3010600,6000800
860	3000000,3010000,3010600,6001000
862	3000000,3010000,3010600,6001000
863	3000000,3010000,3010600,6000800
865	3000000,3010000,3010600,6000800
872	3000000,3010000,3010600,6001000
873	3000000,3010000,3010300,6000900
874	3000000,3010000,3010600,6001000
875	3000000,3010000,3010300,6000900
877	3000000,3010000,3010100,6000900
878	3000000,3010000,3010600,6001000
879	3000000,3010000,3010100,6000900
880	3000000,3010000,3010600,6001000
881	3000000,3010000,3010100,6000900
882	3000000,3010000,3010600,6001000
883	3000000,3010000,3010300,6000900
884	3000000,3010000,3010600,6001000
885	3000000,3010000,3010300,6000900
886	3000000,3010000,3010400,6001300
889	3000000,3010000,3010600,6000900
890	3000000,3010000,3010600,6001000
891	3000000,3010000,3010600,6000900
892	3000000,3010000,3010600,6001000
893	3000000,3010000,3010600,6000900
895	3000000,3010000,3010600,6000900
896	3000000,3010000,3010600,6001000
897	3000000,3010000,3010300,6000900
899	3000000,3010000,3010300,6000900
900	3000000,3010000,3010600,6001000
901	3000000,3010000,3010300,6000900
903	3000000,3010000,3010600,6000900
905	3000000,3010000,3010600,6000900
906	3000000,3010000,3010600,6001000
907	3000000,3010000,3010100,6000900
909	3000000,3010000,3010100,6000900
911	3000000,3010000,3010600,6001000
912	3000000,3010000,3010600,6001000
913	3000000,3010000,3010600,6001000
914	3000000,3010000,3010400,6001300
916	3000000,3020000,3020200,4010000,4010400,6000100,6000118
917	3000000,3020000,3020200,4010000,4010400,6000100,6000118
918	3000000,3020000,3020200,4010000,4010400,6000100,6000118
919	3000000,3020000,3020200,4010000,4010400,6000100,6000118
920	3000000,3020000,3020200,4010000,4010400,6000100,6000118
921	3000000,3010000,3010100,4010000,4010200,6001400
922	3000000,3010000,3010100,4010000,4010200,6001400
923	3000000,3010000,3010100,4010000,4010200,6001400
924	3000000,3010000,3010100,4010000,4010200,6001400
1872	3000000,3020000,3020100,4010000,4010400,6001100
1873	3000000,3020000,3020100,4010000,4010400,6001100
1874	3000000,3020000,3020100,4010000,4010400,6001100
1875	3000000,3010000,3010300,6000600
1876	3000000,3010000,3010300,6000600
1877	3000000,3010000,3010300,6000600
1878	3000000,3010000,3010300,6000600
1879	3000000,3010000,3010300,6000600
1880	3000000,3010000,3010300,6000600
1881	3000000,3010000,3010300,6000600
1882	3000000,3010000,3010300,6000600
1883	3000000,3010000,3010300,6000600
1889	3000000,3010000,3010300,6000600
1893	3000000,3010000,3010300,6000600
1895	3000000,3010000,3010300,6000600
1896	3000000,3010000,3010300,6000600
1897	3000000,3010000,3010300,6000600
1898	3000000,3010000,3010300,6000600
1901	3000000,3010000,3010300,6000600
1902	3000000,3010000,3010300,6000600
1903	3000000,3010000,3010300,6000600
1904	3000000,3010000,3010300,6000600
1905	3000000,3010000,3010300,6000600
1908	3000000,3010000,3010300,6001500
1909	3000000,3010000,3010300,6001500
1910	3000000,3010000,3010300,6001500
1911	3000000,3010000,3010300,6001500
1914	3000000,3010000,3010300,6001500
1916	3000000,3010000,3010300,6001500
1917	3000000,3010000,3010300,6000600
1918	3000000,3010000,3010300,6000600
1919	3000000,3010000,3010300,6000600
1920	3000000,3010000,3010300,6001500
1922	3000000,3010000,3010300,6001500
1930	3000000,3010000,3010300,6001500
1931	3000000,3010000,3010300,6001500
1932	3000000,3010000,3010300,6001500
1933	3000000,3010000,3010300,6001500
1934	3000000,3010000,3010300,6001500
1935	3000000,3010000,3010300,6001500
1937	3000000,3010000,3010300,6001500
1938	3000000,3010000,3010300,6001500
1941	3000000,3010000,3010300,6001500
1945	3000000,3010000,3010300,6000600
1946	3000000,3010000,3010300,6000600
1947	3000000,3010000,3010300,6000600
1948	3000000,3010000,3010300,6000600
1949	3000000,3010000,3010300,6000600
1950	3000000,3010000,3010300,6000600
1951	3000000,3010000,3010300,6000600
1952	3000000,3010000,3010300,6000600
1958	3000000,3010000,3010300,6000600
1959	3000000,3010000,3010300,6000600
1960	3000000,3010000,3010300,6000600
1961	3000000,3010000,3010300,6000600
1962	3000000,3010000,3010300,6000900
1963	3000000,3010000,3010300,6000900
1964	3000000,3010000,3010300,6000900
1965	3000000,3010000,3010300,6000900
1966	3000000,3010000,3010300,6000600
1967	3000000,3010000,3010300,6000600
1968	3000000,3010000,3010100,4010000,4010200,6000700
1969	3000000,3010000,3010100,4010000,4010200,6000700
1970	3000000,3010000,3010300,6000600
1971	3000000,3010000,3010300,6000600
1972	3000000,3010000,3010300,6000600
1973	3000000,3010000,3010300,6000600
1974	3000000,3020000,3020100,4010000,4010400,6001100
1975	3000000,3020000,3020100,4010000,4010400,6001100
1976	3000000,3010000,3010300,6000600
1977	3000000,3020000,3020100,4010000,4010400,6001100
1978	3000000,3010000,3010300,6000600
1979	3000000,3010000,3010300,6000600
1980	3000000,3020000,3020100,4010000,4010400,6001100
1981	3000000,3010000,3010300,6000900
1982	3000000,3010000,3010300,6000900
1983	3000000,3010000,3010300,6000900
1984	3000000,3010000,3010300,6000900
1985	3000000,3010000,3010300,6000900
1986	3000000,3010000,3010300,6000900
1987	3000000,3010000,3010500,4010000,4010200,6000900
1988	3000000,3010000,3010500,4010000,4010200,6000900
1989	3000000,3010000,3010300,6000900
1992	3000000,3010000,3010300,6000900
1993	3000000,3010000,3010300,6000900
2003	3000000,3010000,3010300,6000900
2005	3000000,3010000,3010300,6000900
2007	3000000,3010000,3010300,6000900
2009	3000000,3010000,3010500,4010000,4010200,6000900
2010	3000000,3010000,3010300,6000900
2011	3000000,3020000,3020100,4010000,4010400,6000700
2012	3000000,3010000,3010300,6000900
2013	3000000,3020000,3020100,4010000,4010400,6000700
2014	3000000,3010000,3010300,6000900
2015	3000000,3010000,3010300,6000900
2016	3000000,3010000,3010300,6000900
2019	3000000,3010000,3010300,6000900
2020	3000000,3010000,3010300,6000900
2034	3000000,3020000,3020100,4010000,4010400,6000700
2037	3000000,3020000,3020100,4010000,4010400,6000700
2039	3000000,3010000,3010300,6000900
2040	3000000,3010000,3010500,4010000,4010200,6000900
2041	3000000,3020000,3020100,4010000,4010400,6000700
2042	3000000,3010000,3010300,6000900
2045	3000000,3010000,3010300,6000900
2046	3000000,3010000,3010300,6000900
2047	3000000,3020000,3020100,4010000,4010400,6000700
2049	3000000,3010000,3010300,6000900
2051	3000000,3020000,3020100,4010000,4010400,6000700
2054	3000000,3010000,3010300,6000900
2055	3000000,3020000,3020100,4010000,4010400,6000700
2058	3000000,3010000,3010300,6000900
2059	3000000,3010000,3010300,6000900
2061	3000000,3010000,3010300,6000900
2064	3000000,3010000,3010300,6000900
2070	3000000,3020000,3020300,4010000,4010400,6001100
2071	3000000,3020000,3020300,4010000,4010400,6001100
2073	3000000,3020000,3020300,4010000,4010400,6001100
2075	3000000,3010000,3010300,6001500
2076	3000000,3020000,3020100,4010000,4010400,6000700
2077	3000000,3010000,3010500,4010000,4010200,6000900
2078	3000000,3020000,3020300,4010000,4010400,6001100
2079	3000000,3020000,3020100,4010000,4010400,6000700
2080	3000000,3020000,3020100,4010000,4010400,6000700
2081	3000000,3020000,3020100,4010000,4010400,6000700
2083	3000000,3020000,3020100,4010000,4010400,6000700
2084	3000000,3020000,3020100,4010000,4010400,6000700
2086	3000000,3020000,3020100,4010000,4010400,6000700
2087	3000000,3020000,3020300,4010000,4010400,6001100
2089	3000000,3020000,3020100,4010000,4010400,6000700
2090	3000000,3020000,3020300,4010000,4010400,6001100
2092	3000000,3010000,3010100,4010000,4010200,6000700
2097	3000000,3010000,3010100,4010000,4010200,6000700
2099	3000000,3010000,3010100,4010000,4010200,6000700
2101	3000000,3010000,3010100,4010000,4010200,6000700
2102	3000000,3020000,3020100,4010000,4010400,6001100
2104	3000000,3020000,3020100,4010000,4010400,6001100
2105	3000000,3010000,3010100,4010000,4010200,6000700
2106	3000000,3010000,3010100,4010000,4010200,6000700
2107	3000000,3010000,3010100,4010000,4010200,6000700
2109	3000000,3010000,3010100,4010000,4010200,6000700
2110	3000000,3020000,3020100,4010000,4010400,6000700
2112	3000000,3020000,3020100,4010000,4010400,6000700
2113	3000000,3020000,3020100,4010000,4010400,6000700
2115	3000000,3020000,3020100,4010000,4010400,6000700
2117	3000000,3020000,3020100,4010000,4010400,6000700
2119	3000000,3010000,3010100,4010000,4010200,6000700
2120	3000000,3010000,3010100,4010000,4010200,6000700
2121	3000000,3010000,3010100,4010000,4010200,6000700
2122	3000000,3010000,3010100,4010000,4010200,6000700
2124	3000000,3010000,3010100,4010000,4010200,6000700
2125	3000000,3020000,3020200,4010000,4010400,6001100
2127	3000000,3010000,3010100,4010000,4010200,6000700
2128	3000000,3010000,3010100,4010000,4010200,6000700
2130	3000000,3010000,3010100,4010000,4010200,6000700
2131	3000000,3020000,3020200,4010000,4010400,6001100
2133	3000000,3010000,3010100,4010000,4010200,6000700
2134	3000000,3020000,3020200,4010000,4010400,6001100
2135	3000000,3010000,3010100,4010000,4010200,6000700
2136	3000000,3020000,3020200,4010000,4010400,6001100
2138	3000000,3020000,3020200,4010000,4010400,6001100
2140	3000000,3020000,3020100,4010000,4010400,6001100
2141	3000000,3020000,3020100,4010000,4010400,6001100
2142	3000000,3020000,3020100,4010000,4010400,6001100
2143	3000000,3020000,3020200,4010000,4010400,6001100
2144	3000000,3020000,3020100,4010000,4010400,6001100
2145	3000000,3010000,3010100,4010000,4010200,6000700
2146	3000000,3010000,3010100,4010000,4010200,6000700
2147	3000000,3010000,3010100,4010000,4010200,6000700
2148	3000000,3010000,3010100,4010000,4010200,6000700
2152	3000000,3020000,3020200,4010000,4010400,6001100
2154	3000000,3020000,3020200,4010000,4010400,6001100
2155	3000000,3010000,3010100,4010000,4010200,6000700
2156	3000000,3020000,3020200,4010000,4010400,6001100
2157	3000000,3010000,3010100,4010000,4010200,6000700
2158	3000000,3020000,3020200,4010000,4010400,6001100
2159	3000000,3010000,3010100,4010000,4010200,6000700
2160	3000000,3010000,3010100,4010000,4010200,6000700
2161	3000000,3010000,3010100,4010000,4010200,6000700
2162	3000000,3010000,3010100,4010000,4010200,6000700
2163	3000000,3020000,3020200,4010000,4010400,6001100
2165	3000000,3020000,3020200,4010000,4010400,6001100
2166	3000000,3020000,3020200,4010000,4010400,6001100
2167	3000000,3020000,3020200,4010000,4010400,6001100
2168	3000000,3020000,3020200,4010000,4010400,6001100
2169	3000000,3010000,3010100,4010000,4010200,6000700
2170	3000000,3020000,3020200,4010000,4010400,6001100
2171	3000000,3010000,3010100,4010000,4010200,6000700
2172	3000000,3010000,3010100,4010000,4010200,6000700
2173	3000000,3010000,3010100,4010000,4010200,6000700
2174	3000000,3010000,3010100,4010000,4010200,6000700
2176	3000000,3010000,3010100,4010000,4010200,6000700
2177	3000000,3020000,3020100,4010000,4010400,6001100
2178	3000000,3010000,3010100,4010000,4010200,6000700
2179	3000000,3010000,3010100,4010000,4010200,6000700
2180	3000000,3010000,3010100,4010000,4010200,6000700
2181	3000000,3010000,3010100,4010000,4010200,6000700
2182	3000000,3020000,3020200,4010000,4010400,6001100
2183	3000000,3020000,3020200,4010000,4010400,6001100
2185	3000000,3020000,3020200,4010000,4010400,6001100
2187	3000000,3010000,3010400,4010000,4010200,6000500
2188	3000000,3010000,3010400,4010000,4010200,6000500
2189	3000000,3010000,3010400,4010000,4010200,6000500
2190	3000000,3010000,3010400,4010000,4010200,6000500
2191	3000000,3010000,3010400,4010000,4010200,6000500
2192	3000000,3010000,3010400,4010000,4010200,6000500
2193	3000000,3010000,3010400,4010000,4010200,6000500
2194	3000000,3010000,3010400,4010000,4010200,6000500
2195	3000000,3010000,3010400,4010000,4010200,6000500
2196	3000000,3010000,3010400,4010000,4010200,6000500
2197	3000000,3010000,3010400,4010000,4010200,6000500
2198	3000000,3010000,3010400,4010000,4010200,6000500
2199	3000000,3010000,3010400,4010000,4010200,6000500
2200	3000000,3010000,3010400,4010000,4010200,6000500
2201	3000000,3010000,3010400,4010000,4010200,6001300
2202	3000000,3010000,3010400,4010000,4010200,6001300
2203	3000000,3010000,3010400,4010000,4010200,6001300
2204	3000000,3010000,3010400,4010000,4010200,6001300
2205	3000000,3010000,3010500,4010000,4010200,6000700,6000701
2206	3000000,3010000,3010500,4010000,4010200,6000700,6000701
2207	3000000,3010000,3010500,4010000,4010200,6000700,6000701
2208	3000000,3010000,3010500,4010000,4010200,6000700,6000701
2209	3000000,3010000,3010500,4010000,4010200,6000700,6000701
2210	3000000,3010000,3010500,4010000,4010200,6000700,6000701
2211	3000000,3010000,3010500,4010000,4010200,6000700,6000701
2212	3000000,3010000,3010500,4010000,4010200,6000700,6000701
2213	3000000,3010000,3010500,4010000,4010200,6000700,6000701
2214	3000000,3010000,3010500,4010000,4010200,6000700,6000701
2215	3000000,3010000,3010500,4010000,4010200,6000700,6000701
2216	3000000,3010000,3010500,4010000,4010200,6000700,6000702
2217	3000000,3010000,3010500,4010000,4010200,6000700,6000702
2218	3000000,3010000,3010500,4010000,4010200,6000700,6000702
2219	3000000,3010000,3010500,4010000,4010200,6000700,6000702
2220	3000000,3010000,3010500,4010000,4010200,6000700,6000702
2221	3000000,3010000,3010500,4010000,4010200,6000700,6000702
2222	3000000,3010000,3010500,4010000,4010200,6000700,6000702
2223	3000000,3010000,3010500,4010000,4010200,6000700,6000702
2224	3000000,3010000,3010500,4010000,4010200,6000700,6000703
2225	3000000,3010000,3010500,4010000,4010200,6000700,6000703
2226	3000000,3010000,3010500,4010000,4010200,6000700,6000703
2227	3000000,3010000,3010500,4010000,4010200,6000700,6000703
2228	3000000,3010000,3010500,4010000,4010200,6000700,6000703
2229	3000000,3010000,3010500,4010000,4010200,6000700,6000703
2230	3000000,3010000,3010500,4010000,4010200,6000700,6000703
2231	3000000,3010000,3010500,4010000,4010200,6000700,6000704
2232	3000000,3010000,3010500,4010000,4010200,6000700,6000704
2233	3000000,3010000,3010500,4010000,4010200,6000700,6000704
2234	3000000,3010000,3010500,4010000,4010200,6000700,6000704
2235	3000000,3010000,3010500,4010000,4010200,6000700,6000705
2236	3000000,3010000,3010500,4010000,4010200,6000700,6000705
2237	3000000,3010000,3010500,4010000,4010200,6000700,6000705
2238	3000000,3010000,3010500,4010000,4010200,6000700,6000705
2239	3000000,3010000,3010500,4010000,4010200,6000700,6000705
2240	3000000,3010000,3010500,4010000,4010200,6000700,6000705
2241	3000000,3010000,3010500,4010000,4010200,6000700,6000705
2242	3010000,3010500,4010000,4010200,6001600
2243	3010000,3010500,4010000,4010200,6001600
2244	3010000,3010500,4010000,4010200,6001600
2245	3010000,3010500,4010000,4010200,6001600
2246	3010000,3010500,4010000,4010200,6001600
2247	3010000,3010500,4010000,4010200,6001600
2248	3010000,3010500,4010000,4010200,6001600
2249	3010000,3010500,4010000,4010200,6001600
2250	3010000,3010500,4010000,4010200,6001600
2251	3010000,3010500,4010000,4010200,6001600
2252	3010000,3010500,4010000,4010200,6001600
2253	3010000,3010500,4010000,4010200,6001600
2254	3010000,3010500,4010000,4010200,6001600
2255	3010000,3010500,4010000,4010200,6001600
2256	3010000,3010500,4010000,4010200,6001600
2257	3010000,3010500,4010000,4010200,6001600
2258	3010000,3010500,4010000,4010200,6001600
2259	3010000,3010500,4010000,4010200,6001600
2260	3010000,3010500,4010000,4010200,6001600
2261	3010000,3010500,4010000,4010200,6001600
2262	3010000,3010500,4010000,4010200,6001600
2263	3010000,3010500,4010000,4010200,6001600
2264	3010000,3010500,4010000,4010200,6001600
2265	3010000,3010500,4010000,4010200,6001600
2266	3010000,3010500,4010000,4010200,6001600
2267	3010000,3010500,4010000,4010200,6001600
2268	3010000,3010500,4010000,4010200,6001600
2269	3010000,3010500,4010000,4010200,6001600
2270	3010000,3010500,4010000,4010200,6001600
2271	3010000,3010500,4010000,4010200,6001600
2272	3010000,3010500,4010000,4010200,6001600
2273	3010000,3010500,4010000,4010200,6001600
2274	3010000,3010500,4010000,4010200,6001600
2275	3010000,3010500,4010000,4010200,6001600
2276	3010000,3010500,4010000,4010200,6001600
2277	3010000,3010500,4010000,4010200,6001600
2278	3010000,3010500,4010000,4010200,6001600
2279	3010000,3010500,4010000,4010200,6001600
2280	3010000,3010500,4010000,4010200,6001600
2281	3010000,3010500,4010000,4010200,6001600
2282	3010000,3010500,4010000,4010200,6001600
2283	3010000,3010500,4010000,4010200,6001600
2284	3010000,3010500,4010000,4010200,6001600
2285	3010000,3010500,4010000,4010200,6001600
2286	3010000,3010500,4010000,4010200,6001600
2287	3000000,3010000,3010800,4010000,4010200,6001700
2288	3000000,3010000,3010800,4010000,4010200,6001700
2289	3000000,3010000,3010800,4010000,4010200,6001700
2290	3000000,3010000,3010800,4010000,4010200,6001700
2291	3000000,3010000,3010800,4010000,4010200,6001700
2292	3000000,3010000,3010800,4010000,4010200,6001700
2293	3000000,3010000,3010800,4010000,4010200,6001700
2294	3000000,3010000,3010100,3030000,3030100,4010000,4010200,6000700
2295	3000000,3010000,3010100,3030000,3030100,4010000,4010200,6000700
2296	3000000,3010000,3010100,3030000,3030100,4010000,4010200,6000700
2297	3000000,3010000,3010100,3030000,3030100,4010000,4010200,6000700
2298	3000000,3010000,3010100,3030000,3030100,4010000,4010200,6000700
2299	3000000,3010000,3010100,3030000,3030100,4010000,4010200,6000700
2300	3000000,3010000,3010100,3030000,3030100,4010000,4010200,6000700
2301	3000000,3010000,3010100,3030000,3030100,4010000,4010200,6000700
2302	3000000,3010000,3010100,3030000,3030100,4010000,4010200,6000700
2303	3000000,3010000,3010100,3030000,3030100,4010000,4010200,6000700
2304	3000000,3010000,3010100,3030000,3030100,4010000,4010200,6000700
2305	3000000,3010000,3010100,3030000,3030100,4010000,4010200,6000700
2306	3000000,3010000,3010100,3030000,3030100,4010000,4010200,6000700
2307	3000000,3010000,3010100,3030000,3030100,4010000,4010200,6000700
2308	3000000,3010000,3010100,3030000,3030100,4010000,4010200,6000700
2309	3000000,3010000,3010100,3030000,3030100,4010000,4010200,6000700
2310	3000000,3010000,3010100,3030000,3030100,4010000,4010200,6000700
2311	3000000,3010000,3010100,3030000,3030100,4010000,4010200,6000700
2312	3000000,3010000,3010100,3030000,3030100,4010000,4010200,6000700
2313	3000000,3010000,3010100,3030000,3030100,4010000,4010200,6000700
2314	3000000,3010000,3010100,3030000,3030100,4010000,4010200,6000700
2315	3000000,3010000,3010100,3030000,3030100,4010000,4010200,6000700
2316	3000000,3010100,3010800,4010000,4010200,6000700
2317	3000000,3010100,3010800,4010000,4010200,6000700
2318	3000000,3010100,3010800,4010000,4010200,6000700
2319	3000000,3010100,3010800,4010000,4010200,6000700
2320	3000000,3010100,3010800,4010000,4010200,6000700
2321	3000000,3010100,3010800,4010000,4010200,6000700
2322	3000000,3010100,3010800,4010000,4010200,6000700
2323	3000000,3010100,3010800,4010000,4010200,6000700
2324	3000000,3010100,3010800,4010000,4010200,6000700
2325	3000000,3010100,3010800,4010000,4010200,6000700
2326	3000000,3010100,3010800,4010000,4010200,6000700
2327	3000000,3010100,3010800,4010000,4010200,6000700
2328	3000000,3010100,3010800,4010000,4010200,6000700
2329	3000000,3010000,3010100,3030000,3030100,4010000,4010200,6000700
2330	3000000,3010000,3010100,3030000,3030100,4010000,4010200,6000700
2331	3000000,3010000,3010100,3030000,3030100,4010000,4010200,6000700
2332	3000000,3010000,3010100,3030000,3030100,4010000,4010200,6000700
2333	3000000,3010000,3010100,3030000,3030100,4010000,4010200,6000700
2334	3000000,3010000,3010100,3030000,3030100,4010000,4010200,6000700
2335	3000000,3010000,3010100,3030000,3030100,4010000,4010200,6000700
2336	3000000,3010000,3010100,3030000,3030100,4010000,4010200,6000700
2337	3000000,3010000,3010100,3030000,3030100,4010000,4010200,6000700
2338	3000000,3010000,3010100,3030000,3030100,4010000,4010200,6000700
2339	3000000,3010000,3010100,3030000,3030100,4010000,4010200,6000700
2340	3000000,3010000,3010100,3030000,3030100,4010000,4010200,6000700
2341	3000000,3010000,3010100,3030000,3030100,4010000,4010200,6000700
2342	3000000,3010000,3010100,3030000,3030100,4010000,4010200,6000700
2343	3000000,3010000,3010100,3030000,3030100,4010000,4010200,6000700
2344	3000000,3010000,3010100,3030000,3030100,4010000,4010200,6000700
2345	3000000,3010000,3010100,3030000,3030100,4010000,4010200,6000700
2346	3000000,3010000,3010100,3030000,3030100,4010000,4010200,6000700
2347	3000000,3010000,3010100,3030000,3030100,4010000,4010200,6000700
2348	3000000,3010000,3010100,3030000,3030100,4010000,4010200,6000700
2349	3000000,3010000,3010100,3030000,3030100,4010000,4010200,6000700
2350	3000000,3010000,3010100,3030000,3030100,4010000,4010200,6000700
2351	3000000,3010000,3010100,3030000,3030100,4010000,4010200,6000700
2352	3000000,3010000,3010100,3030000,3030100,4010000,4010200,6000700
2353	3000000,3010000,3010100,3030000,3030100,4010000,4010200,6000700
2354	3000000,3010000,3010100,3030000,3030100,4010000,4010200,6000700
2355	3000000,3010000,3010100,3030000,3030100,4010000,4010200,6000700
2356	3000000,3010000,3010100,3030000,3030100,4010000,4010200,6000700
2357	3000000,3010000,3010100,3030000,3030100,4010000,4010200,6000700
2358	3000000,3010000,3010100,3030000,3030100,4010000,4010200,6000700
2359	3000000,3010000,3010100,3030000,3030100,4010000,4010200,6000700
2360	3000000,3010000,3010100,3030000,3030100,4010000,4010200,6000700
2361	3000000,3010000,3010100,3030000,3030100,4010000,4010200,6000700
2362	3000000,3010000,3010100,3030000,3030100,4010000,4010200,6000700
2363	3000000,3010000,3010100,3030000,3030100,4010000,4010200,6000700
2364	3000000,3010000,3010100,3030000,3030100,4010000,4010200,6000700
2365	3000000,3010000,3010100,3030000,3030100,4010000,4010200,6000700
2366	3000000,3010000,3010100,3030000,3030100,4010000,4010200,6000700
2367	3000000,3010000,3010100,3030000,3030100,4010000,4010200,6000700
2368	3000000,3010000,3010100,3030000,3030100,4010000,4010200,6000700
2369	3000000,3010000,3010100,3030000,3030100,4010000,4010200,6000700
2370	3000000,3010000,3010100,3030000,3030100,4010000,4010200,6000700
2371	3000000,3010000,3010100,3030000,3030100,4010000,4010200,6000700
2372	3000000,3010000,3010100,3030000,3030100,4010000,4010200,6000700
2373	3000000,3010000,3010100,3030000,3030100,4010000,4010200,6000700
2374	3000000,3010000,3010100,3030000,3030100,4010000,4010200,6000700
2375	3000000,3010000,3010400,4010000,4010200,6001800
2376	3000000,3010000,3010400,4010000,4010200,6001800
2377	3000000,3010000,3010400,4010000,4010200,6001800
2378	3000000,3010000,3010400,4010000,4010200,6001800
2379	3000000,3010000,3010400,4010000,4010200,6001800